frac_weight
Max: 973.0
Min: 0.009900990099009901
Mean: 1.2195019534627647
Median: 1.0
