frac_reciprocity_bots
Max: 1.0
Min: 0.0
Mean: 0.14509730225194908
Median: 0.0513977547875853
