frac_degree
Max: 150.0
Min: 0.012195121951219513
Mean: 1.2105515821234365
Median: 1.0
